000000 0.0000000000000000e+00 -1.1377294301784016e-02 -1.1377294301784016e-02 0.0000000000000000e+00 0.0000000000000000e+00
000000 0.0000000000000000e+00 -1.1377294301784016e-02 -1.1377294301784016e-02 0.0000000000000000e+00 0.0000000000000000e+00
000001 0.0000000000000000e+00 -1.1773805160332988e-02 -1.1773805160332988e-02 0.0000000000000000e+00 0.0000000000000000e+00
000002 0.0000000000000000e+00 -1.1773805160332988e-02 -1.1773805160332988e-02 0.0000000000000000e+00 0.0000000000000000e+00
000003 0.0000000000000000e+00 -1.1773805160332988e-02 -1.1773805160332988e-02 0.0000000000000000e+00 0.0000000000000000e+00
000004 0.0000000000000000e+00 -1.1773805160332988e-02 -1.1773805160332988e-02 0.0000000000000000e+00 0.0000000000000000e+00
000005 0.0000000000000000e+00 -1.1773805160332988e-02 -1.1773805160332988e-02 0.0000000000000000e+00 0.0000000000000000e+00
000006 0.0000000000000000e+00 -1.1773805160332988e-02 -1.1773805160332988e-02 0.0000000000000000e+00 0.0000000000000000e+00
000007 0.0000000000000000e+00 -1.1773805160332988e-02 -1.1773805160332988e-02 0.0000000000000000e+00 0.0000000000000000e+00
000008 0.0000000000000000e+00 -1.1773805160332988e-02 -1.1773805160332988e-02 0.0000000000000000e+00 0.0000000000000000e+00
000009 0.0000000000000000e+00 -1.1773805160332988e-02 -1.1773805160332988e-02 0.0000000000000000e+00 0.0000000000000000e+00
000010 0.0000000000000000e+00 -1.1773805160332988e-02 -1.1773805160332988e-02 0.0000000000000000e+00 0.0000000000000000e+00
000011 0.0000000000000000e+00 -1.1773805160332988e-02 -1.1773805160332988e-02 0.0000000000000000e+00 0.0000000000000000e+00
000012 0.0000000000000000e+00 -1.1773805160332988e-02 -1.1773805160332988e-02 0.0000000000000000e+00 0.0000000000000000e+00
000013 0.0000000000000000e+00 -1.1773805160332988e-02 -1.1773805160332988e-02 0.0000000000000000e+00 0.0000000000000000e+00
000014 0.0000000000000000e+00 -1.1773805160332988e-02 -1.1773805160332988e-02 0.0000000000000000e+00 0.0000000000000000e+00
000015 0.0000000000000000e+00 -1.1773805160332988e-02 -1.1773805160332988e-02 0.0000000000000000e+00 0.0000000000000000e+00
000016 0.0000000000000000e+00 -1.1773805160332988e-02 -1.1773805160332988e-02 0.0000000000000000e+00 0.0000000000000000e+00
000017 0.0000000000000000e+00 -1.1773805160332988e-02 -1.1773805160332988e-02 0.0000000000000000e+00 0.0000000000000000e+00
000018 0.0000000000000000e+00 -1.1773805160332988e-02 -1.1773805160332988e-02 0.0000000000000000e+00 0.0000000000000000e+00
000019 0.0000000000000000e+00 -1.1773805160332988e-02 -1.1773805160332988e-02 0.0000000000000000e+00 0.0000000000000000e+00
000020 0.0000000000000000e+00 -1.1773805160332988e-02 -1.1773805160332988e-02 0.0000000000000000e+00 0.0000000000000000e+00
000021 0.0000000000000000e+00 -1.1773805160332988e-02 -1.1773805160332988e-02 0.0000000000000000e+00 0.0000000000000000e+00
000022 0.0000000000000000e+00 -1.1773805160332987e-02 -1.1773805160332987e-02 0.0000000000000000e+00 0.0000000000000000e+00
000023 0.0000000000000000e+00 -1.1773805160332988e-02 -1.1773805160332988e-02 0.0000000000000000e+00 0.0000000000000000e+00
000024 0.0000000000000000e+00 -1.1773805160332988e-02 -1.1773805160332988e-02 0.0000000000000000e+00 0.0000000000000000e+00
000025 0.0000000000000000e+00 -1.1773805160332988e-02 -1.1773805160332988e-02 0.0000000000000000e+00 0.0000000000000000e+00
000026 0.0000000000000000e+00 -1.1773805160332987e-02 -1.1773805160332987e-02 0.0000000000000000e+00 0.0000000000000000e+00
000027 0.0000000000000000e+00 -1.1773805160332988e-02 -1.1773805160332988e-02 0.0000000000000000e+00 0.0000000000000000e+00
000000 0.0000000000000000e+00 -1.1377294301784016e-02 -1.1377294301784016e-02 0.0000000000000000e+00 0.0000000000000000e+00
000001 0.0000000000000000e+00 -1.1773805160332988e-02 -1.1773805160332988e-02 0.0000000000000000e+00 0.0000000000000000e+00
000002 0.0000000000000000e+00 -1.1773805160332988e-02 -1.1773805160332988e-02 0.0000000000000000e+00 0.0000000000000000e+00
000003 0.0000000000000000e+00 -1.1773805160332988e-02 -1.1773805160332988e-02 0.0000000000000000e+00 0.0000000000000000e+00
000004 0.0000000000000000e+00 -1.1773805160332988e-02 -1.1773805160332988e-02 0.0000000000000000e+00 0.0000000000000000e+00
000005 0.0000000000000000e+00 -1.1773805160332988e-02 -1.1773805160332988e-02 0.0000000000000000e+00 0.0000000000000000e+00
000006 0.0000000000000000e+00 -1.1773805160332988e-02 -1.1773805160332988e-02 0.0000000000000000e+00 0.0000000000000000e+00
000007 0.0000000000000000e+00 -1.1773805160332988e-02 -1.1773805160332988e-02 0.0000000000000000e+00 0.0000000000000000e+00
000008 0.0000000000000000e+00 -1.1773805160332988e-02 -1.1773805160332988e-02 0.0000000000000000e+00 0.0000000000000000e+00
000009 0.0000000000000000e+00 -1.1773805160332988e-02 -1.1773805160332988e-02 0.0000000000000000e+00 0.0000000000000000e+00
000010 0.0000000000000000e+00 -1.1773805160332988e-02 -1.1773805160332988e-02 0.0000000000000000e+00 0.0000000000000000e+00
000011 0.0000000000000000e+00 -1.1773805160332988e-02 -1.1773805160332988e-02 0.0000000000000000e+00 0.0000000000000000e+00
000012 0.0000000000000000e+00 -1.1773805160332988e-02 -1.1773805160332988e-02 0.0000000000000000e+00 0.0000000000000000e+00
000013 0.0000000000000000e+00 -1.1773805160332988e-02 -1.1773805160332988e-02 0.0000000000000000e+00 0.0000000000000000e+00
000014 0.0000000000000000e+00 -1.1773805160332988e-02 -1.1773805160332988e-02 0.0000000000000000e+00 0.0000000000000000e+00
000015 0.0000000000000000e+00 -1.1773805160332988e-02 -1.1773805160332988e-02 0.0000000000000000e+00 0.0000000000000000e+00
000016 0.0000000000000000e+00 -1.1773805160332988e-02 -1.1773805160332988e-02 0.0000000000000000e+00 0.0000000000000000e+00
000017 0.0000000000000000e+00 -1.1773805160332988e-02 -1.1773805160332988e-02 0.0000000000000000e+00 0.0000000000000000e+00
000018 0.0000000000000000e+00 -1.1773805160332988e-02 -1.1773805160332988e-02 0.0000000000000000e+00 0.0000000000000000e+00
000019 0.0000000000000000e+00 -1.1773805160332988e-02 -1.1773805160332988e-02 0.0000000000000000e+00 0.0000000000000000e+00
000020 0.0000000000000000e+00 -1.1773805160332988e-02 -1.1773805160332988e-02 0.0000000000000000e+00 0.0000000000000000e+00
000021 0.0000000000000000e+00 -1.1773805160332988e-02 -1.1773805160332988e-02 0.0000000000000000e+00 0.0000000000000000e+00
000022 0.0000000000000000e+00 -1.1773805160332987e-02 -1.1773805160332987e-02 0.0000000000000000e+00 0.0000000000000000e+00
000023 0.0000000000000000e+00 -1.1773805160332988e-02 -1.1773805160332988e-02 0.0000000000000000e+00 0.0000000000000000e+00
000024 0.0000000000000000e+00 -1.1773805160332988e-02 -1.1773805160332988e-02 0.0000000000000000e+00 0.0000000000000000e+00
000025 0.0000000000000000e+00 -1.1773805160332988e-02 -1.1773805160332988e-02 0.0000000000000000e+00 0.0000000000000000e+00
000026 0.0000000000000000e+00 -1.1773805160332987e-02 -1.1773805160332987e-02 0.0000000000000000e+00 0.0000000000000000e+00
000027 0.0000000000000000e+00 -1.1773805160332988e-02 -1.1773805160332988e-02 0.0000000000000000e+00 0.0000000000000000e+00
000028 0.0000000000000000e+00 -1.1773805160332988e-02 -1.1773805160332988e-02 0.0000000000000000e+00 0.0000000000000000e+00
000029 0.0000000000000000e+00 -1.1773805160332988e-02 -1.1773805160332988e-02 0.0000000000000000e+00 0.0000000000000000e+00
